method : thread per matrix
row = 20 , col= 20
210 420 630 840 1050 1260 1470 1680 1890 2100 2310 2520 2730 2940 3150 3360 3250 3560 3970 4180 
210 420 630 840 1050 1260 1470 1680 1890 2100 2310 2520 2730 2940 3150 3360 3250 3560 3970 4180 
210 420 630 840 1050 1260 1470 1680 1890 2100 2310 2520 2730 2940 3150 3360 3250 3560 3970 4180 
210 420 630 840 1050 1260 1470 1680 1890 2100 2310 2520 2730 2940 3150 3360 3250 3560 3970 4180 
210 420 630 840 1050 1260 1470 1680 1890 2100 2310 2520 2730 2940 3150 3360 3250 3560 3970 4180 
210 420 630 840 1050 1260 1470 1680 1890 2100 2310 2520 2730 2940 3150 3360 3250 3560 3970 4180 
210 420 630 840 1050 1260 1470 1680 1890 2100 2310 2520 2730 2940 3150 3360 3250 3560 3970 4180 
210 420 630 840 1050 1260 1470 1680 1890 2100 2310 2520 2730 2940 3150 3360 3250 3560 3970 4180 
210 420 630 840 1050 1260 1470 1680 1890 2100 2310 2520 2730 2940 3150 3360 3250 3560 3970 4180 
210 420 630 840 1050 1260 1470 1680 1890 2100 2310 2520 2730 2940 3150 3360 3250 3560 3970 4180 
210 420 630 840 1050 1260 1470 1680 1890 2100 2310 2520 2730 2940 3150 3360 3250 3560 3970 4180 
210 420 630 840 1050 1260 1470 1680 1890 2100 2310 2520 2730 2940 3150 3360 3250 3560 3970 4180 
210 420 630 840 1050 1260 1470 1680 1890 2100 2310 2520 2730 2940 3150 3360 3250 3560 3970 4180 
210 420 630 840 1050 1260 1470 1680 1890 2100 2310 2520 2730 2940 3150 3360 3250 3560 3970 4180 
210 420 630 840 1050 1260 1470 1680 1890 2100 2310 2520 2730 2940 3150 3360 3250 3560 3970 4180 
210 420 630 840 1050 1260 1470 1680 1890 2100 2310 2520 2730 2940 3150 3360 3250 3560 3970 4180 
210 420 630 840 1050 1260 1470 1680 1890 2100 2310 2520 2730 2940 3150 3360 3250 3560 3970 4180 
210 420 630 840 1050 1260 1470 1680 1890 2100 2310 2520 2730 2940 3150 3360 3250 3560 3970 4180 
210 420 630 840 1050 1260 1470 1680 1890 2100 2310 2520 2730 2940 3150 3360 3250 3560 3970 4180 
181 362 543 724 905 1086 1267 1448 1629 1810 1991 2172 2353 2534 2715 2896 2773 3049 3420 3601 

method : thread per row
row = 20 , col= 20
210 420 630 840 1050 1260 1470 1680 1890 2100 2310 2520 2730 2940 3150 3360 3250 3560 3970 4180 
210 420 630 840 1050 1260 1470 1680 1890 2100 2310 2520 2730 2940 3150 3360 3250 3560 3970 4180 
210 420 630 840 1050 1260 1470 1680 1890 2100 2310 2520 2730 2940 3150 3360 3250 3560 3970 4180 
210 420 630 840 1050 1260 1470 1680 1890 2100 2310 2520 2730 2940 3150 3360 3250 3560 3970 4180 
210 420 630 840 1050 1260 1470 1680 1890 2100 2310 2520 2730 2940 3150 3360 3250 3560 3970 4180 
210 420 630 840 1050 1260 1470 1680 1890 2100 2310 2520 2730 2940 3150 3360 3250 3560 3970 4180 
210 420 630 840 1050 1260 1470 1680 1890 2100 2310 2520 2730 2940 3150 3360 3250 3560 3970 4180 
210 420 630 840 1050 1260 1470 1680 1890 2100 2310 2520 2730 2940 3150 3360 3250 3560 3970 4180 
210 420 630 840 1050 1260 1470 1680 1890 2100 2310 2520 2730 2940 3150 3360 3250 3560 3970 4180 
210 420 630 840 1050 1260 1470 1680 1890 2100 2310 2520 2730 2940 3150 3360 3250 3560 3970 4180 
210 420 630 840 1050 1260 1470 1680 1890 2100 2310 2520 2730 2940 3150 3360 3250 3560 3970 4180 
210 420 630 840 1050 1260 1470 1680 1890 2100 2310 2520 2730 2940 3150 3360 3250 3560 3970 4180 
210 420 630 840 1050 1260 1470 1680 1890 2100 2310 2520 2730 2940 3150 3360 3250 3560 3970 4180 
210 420 630 840 1050 1260 1470 1680 1890 2100 2310 2520 2730 2940 3150 3360 3250 3560 3970 4180 
210 420 630 840 1050 1260 1470 1680 1890 2100 2310 2520 2730 2940 3150 3360 3250 3560 3970 4180 
210 420 630 840 1050 1260 1470 1680 1890 2100 2310 2520 2730 2940 3150 3360 3250 3560 3970 4180 
210 420 630 840 1050 1260 1470 1680 1890 2100 2310 2520 2730 2940 3150 3360 3250 3560 3970 4180 
210 420 630 840 1050 1260 1470 1680 1890 2100 2310 2520 2730 2940 3150 3360 3250 3560 3970 4180 
210 420 630 840 1050 1260 1470 1680 1890 2100 2310 2520 2730 2940 3150 3360 3250 3560 3970 4180 
181 362 543 724 905 1086 1267 1448 1629 1810 1991 2172 2353 2534 2715 2896 2773 3049 3420 3601 

method : thread per element
row = 20 , col= 20
210 420 630 840 1050 1260 1470 1680 1890 2100 2310 2520 2730 2940 3150 3360 3250 3560 3970 4180 
210 420 630 840 1050 1260 1470 1680 1890 2100 2310 2520 2730 2940 3150 3360 3250 3560 3970 4180 
210 420 630 840 1050 1260 1470 1680 1890 2100 2310 2520 2730 2940 3150 3360 3250 3560 3970 4180 
210 420 630 840 1050 1260 1470 1680 1890 2100 2310 2520 2730 2940 3150 3360 3250 3560 3970 4180 
210 420 630 840 1050 1260 1470 1680 1890 2100 2310 2520 2730 2940 3150 3360 3250 3560 3970 4180 
210 420 630 840 1050 1260 1470 1680 1890 2100 2310 2520 2730 2940 3150 3360 3250 3560 3970 4180 
210 420 630 840 1050 1260 1470 1680 1890 2100 2310 2520 2730 2940 3150 3360 3250 3560 3970 4180 
210 420 630 840 1050 1260 1470 1680 1890 2100 2310 2520 2730 2940 3150 3360 3250 3560 3970 4180 
210 420 630 840 1050 1260 1470 1680 1890 2100 2310 2520 2730 2940 3150 3360 3250 3560 3970 4180 
210 420 630 840 1050 1260 1470 1680 1890 2100 2310 2520 2730 2940 3150 3360 3250 3560 3970 4180 
210 420 630 840 1050 1260 1470 1680 1890 2100 2310 2520 2730 2940 3150 3360 3250 3560 3970 4180 
210 420 630 840 1050 1260 1470 1680 1890 2100 2310 2520 2730 2940 3150 3360 3250 3560 3970 4180 
210 420 630 840 1050 1260 1470 1680 1890 2100 2310 2520 2730 2940 3150 3360 3250 3560 3970 4180 
210 420 630 840 1050 1260 1470 1680 1890 2100 2310 2520 2730 2940 3150 3360 3250 3560 3970 4180 
210 420 630 840 1050 1260 1470 1680 1890 2100 2310 2520 2730 2940 3150 3360 3250 3560 3970 4180 
210 420 630 840 1050 1260 1470 1680 1890 2100 2310 2520 2730 2940 3150 3360 3250 3560 3970 4180 
210 420 630 840 1050 1260 1470 1680 1890 2100 2310 2520 2730 2940 3150 3360 3250 3560 3970 4180 
210 420 630 840 1050 1260 1470 1680 1890 2100 2310 2520 2730 2940 3150 3360 3250 3560 3970 4180 
210 420 630 840 1050 1260 1470 1680 1890 2100 2310 2520 2730 2940 3150 3360 3250 3560 3970 4180 
181 362 543 724 905 1086 1267 1448 1629 1810 1991 2172 2353 2534 2715 2896 2773 3049 3420 3601 

