method : thread per row
row = 4 , col= 3
10 13 16 
26 37 48 
10 13 16 
4 6 8 

1872 2080 2288 2496 2704 2912 3120 3328 3536 3744 3952 4160 
208 416 624 832 1040 1248 1456 1664 1872 2080 2288 2496 2704 2912 3120 3328 3536 3744 3952 4160 
208 416 624 832 1040 1248 1456 1664 1872 2080 2288 2496 2704 2912 3120 3328 3536 3744 3952 4160 
208 416 624 832 1040 1248 1456 1664 1872 2080 2288 2496 2704 2912 3120 3328 3536 3744 3952 4160 
208 416 624 832 1040 1248 1456 1664 1872 2080 2288 2496 2704 2912 3120 3328 3536 3744 3952 4160 
208 416 624 832 1040 1248 1456 1664 1872 2080 2288 2496 2704 2912 3120 3328 3536 3744 3952 4160 
208 416 624 832 1040 1248 1456 1664 1872 2080 2288 2496 2704 2912 3120 3328 3536 3744 3952 4160 
208 416 624 832 1040 1248 1456 1664 1872 2080 2288 2496 2704 2912 3120 3328 3536 3744 3952 4160 
208 416 624 832 1040 1248 1456 1664 1872 2080 2288 2496 2704 2912 3120 3328 3536 3744 3952 4160 
208 416 624 832 1040 1248 1456 1664 1872 2080 2288 2496 2704 2912 3120 3328 3536 3744 3952 4160 
208 416 624 832 1040 1248 1456 1664 1872 2080 2288 2496 2704 2912 3120 3328 3536 3744 3952 4160 
208 416 624 832 1040 1248 1456 1664 1872 2080 2288 2496 2704 2912 3120 3328 3536 3744 3952 4160 
208 416 624 832 1040 1248 1456 1664 1872 2080 2288 2496 2704 2912 3120 3328 3536 3744 3952 4160 
208 416 624 832 1040 1248 1456 1664 1872 2080 2288 2496 2704 2912 3120 3328 3536 3744 3952 4160 
208 416 624 832 1040 1248 1456 1664 1872 2080 2288 2496 2704 2912 3120 3328 3536 3744 3952 4160 
208 416 624 832 1040 1248 1456 1664 1872 2080 2288 2496 2704 2912 3120 3328 3536 3744 3952 4160 
208 416 624 832 1040 1248 1456 1664 1872 2080 2288 2496 2704 2912 3120 3328 3536 3744 3952 4160 
208 416 624 832 1040 1248 1456 1664 1872 2080 2288 2496 2704 2912 3120 3328 3536 3744 3952 4160 
208 416 624 832 1040 1248 1456 1664 1872 2080 2288 2496 2704 2912 3120 3328 3536 3744 3952 4160 
208 416 624 832 1040 1248 1456 1664 1872 2080 2288 2496 2704 2912 3120 3328 3536 3744 3952 4160 
208 416 624 832 1040 1248 1456 1664 1872 2080 2288 2496 2704 2912 3120 3328 3536 3744 3952 4160 
208 416 624 832 1040 1248 1456 1664 1872 2080 2288 2496 2704 2912 3120 3328 3536 3744 3952 4160 
208 416 624 832 1040 1248 1456 1664 1872 2080 2288 2496 2704 2912 3120 3328 3536 3744 3952 4160 
208 416 624 832 1040 1248 1456 1664 1872 2080 2288 2496 2704 2912 3120 3328 3536 3744 3952 4160 
208 416 624 832 1040 1248 1456 1664 1872 2080 2288 2496 2704 2912 3120 3328 3536 3744 3952 4160 
208 416 624 832 1040 1248 1456 1664 1872 2080 2288 2496 2704 2912 3120 3328 3536 3744 3952 4160 
208 416 624 832 1040 1248 1456 1664 1872 2080 2288 2496 2704 2912 3120 3328 3536 3744 3952 4160 
208 416 624 832 1040 1248 1456 1664 1872 2080 2288 2496 2704 2912 3120 3328 3536 3744 3952 4160 
208 416 624 832 1040 1248 1456 1664 1872 2080 2288 2496 2704 2912 3120 3328 3536 3744 3952 4160 
179 358 537 716 895 1074 1253 1432 1611 1790 1969 2148 2327 2506 2685 2864 3043 3222 3401 3580 

