method : thread per matrix
row = 20 , col= 20
210 420 630 840 1050 1260 1470 1680 1890 2100 2310 2520 2730 2940 3150 3360 3570 3780 3990 4200 
210 420 630 840 1050 1260 1470 1680 1890 2100 2310 2520 2730 2940 3150 3360 3570 3780 3990 4200 
210 420 630 840 1050 1260 1470 1680 1890 2100 2310 2520 2730 2940 3150 3360 3570 3780 3990 4200 
210 420 630 840 1050 1260 1470 1680 1890 2100 2310 2520 2730 2940 3150 3360 3570 3780 3990 4200 
210 420 630 840 1050 1260 1470 1680 1890 2100 2310 2520 2730 2940 3150 3360 3570 3780 3990 4200 
210 420 630 840 1050 1260 1470 1680 1890 2100 2310 2520 2730 2940 3150 3360 3570 3780 3990 4200 
210 420 630 840 1050 1260 1470 1680 1890 2100 2310 2520 2730 2940 3150 3360 3570 3780 3990 4200 
210 420 630 840 1050 1260 1470 1680 1890 2100 2310 2520 2730 2940 3150 3360 3570 3780 3990 4200 
210 420 630 840 1050 1260 1470 1680 1890 2100 2310 2520 2730 2940 3150 3360 3570 3780 3990 4200 
210 420 630 840 1050 1260 1470 1680 1890 2100 2310 2520 2730 2940 3150 3360 3570 3780 3990 4200 
210 420 630 840 1050 1260 1470 1680 1890 2100 2310 2520 2730 2940 3150 3360 3570 3780 3990 4200 
210 420 630 840 1050 1260 1470 1680 1890 2100 2310 2520 2730 2940 3150 3360 3570 3780 3990 4200 
210 420 630 840 1050 1260 1470 1680 1890 2100 2310 2520 2730 2940 3150 3360 3570 3780 3990 4200 
210 420 630 840 1050 1260 1470 1680 1890 2100 2310 2520 2730 2940 3150 3360 3570 3780 3990 4200 
210 420 630 840 1050 1260 1470 1680 1890 2100 2310 2520 2730 2940 3150 3360 3570 3780 3990 4200 
210 420 630 840 1050 1260 1470 1680 1890 2100 2310 2520 2730 2940 3150 3360 3570 3780 3990 4200 
210 420 630 840 1050 1260 1470 1680 1890 2100 2310 2520 2730 2940 3150 3360 3570 3780 3990 4200 
210 420 630 840 1050 1260 1470 1680 1890 2100 2310 2520 2730 2940 3150 3360 3570 3780 3990 4200 
210 420 630 840 1050 1260 1470 1680 1890 2100 2310 2520 2730 2940 3150 3360 3570 3780 3990 4200 
210 420 630 840 1050 1260 1470 1680 1890 2100 2310 2520 2730 2940 3150 3360 3570 3780 3990 4200 

method : thread per row
row = 20 , col= 20
210 420 630 840 1050 1260 1470 1680 1890 2100 2310 2520 2730 2940 3150 3360 3570 3780 3990 4200 
210 420 630 840 1050 1260 1470 1680 1890 2100 2310 2520 2730 2940 3150 3360 3570 3780 3990 4200 
210 420 630 840 1050 1260 1470 1680 1890 2100 2310 2520 2730 2940 3150 3360 3570 3780 3990 4200 
210 420 630 840 1050 1260 1470 1680 1890 2100 2310 2520 2730 2940 3150 3360 3570 3780 3990 4200 
210 420 630 840 1050 1260 1470 1680 1890 2100 2310 2520 2730 2940 3150 3360 3570 3780 3990 4200 
210 420 630 840 1050 1260 1470 1680 1890 2100 2310 2520 2730 2940 3150 3360 3570 3780 3990 4200 
210 420 630 840 1050 1260 1470 1680 1890 2100 2310 2520 2730 2940 3150 3360 3570 3780 3990 4200 
210 420 630 840 1050 1260 1470 1680 1890 2100 2310 2520 2730 2940 3150 3360 3570 3780 3990 4200 
210 420 630 840 1050 1260 1470 1680 1890 2100 2310 2520 2730 2940 3150 3360 3570 3780 3990 4200 
210 420 630 840 1050 1260 1470 1680 1890 2100 2310 2520 2730 2940 3150 3360 3570 3780 3990 4200 
210 420 630 840 1050 1260 1470 1680 1890 2100 2310 2520 2730 2940 3150 3360 3570 3780 3990 4200 
210 420 630 840 1050 1260 1470 1680 1890 2100 2310 2520 2730 2940 3150 3360 3570 3780 3990 4200 
210 420 630 840 1050 1260 1470 1680 1890 2100 2310 2520 2730 2940 3150 3360 3570 3780 3990 4200 
210 420 630 840 1050 1260 1470 1680 1890 2100 2310 2520 2730 2940 3150 3360 3570 3780 3990 4200 
210 420 630 840 1050 1260 1470 1680 1890 2100 2310 2520 2730 2940 3150 3360 3570 3780 3990 4200 
210 420 630 840 1050 1260 1470 1680 1890 2100 2310 2520 2730 2940 3150 3360 3570 3780 3990 4200 
210 420 630 840 1050 1260 1470 1680 1890 2100 2310 2520 2730 2940 3150 3360 3570 3780 3990 4200 
210 420 630 840 1050 1260 1470 1680 1890 2100 2310 2520 2730 2940 3150 3360 3570 3780 3990 4200 
210 420 630 840 1050 1260 1470 1680 1890 2100 2310 2520 2730 2940 3150 3360 3570 3780 3990 4200 
210 420 630 840 1050 1260 1470 1680 1890 2100 2310 2520 2730 2940 3150 3360 3570 3780 3990 4200 

method : thread per element
row = 20 , col= 20
210 420 630 840 1050 1260 1470 1680 1890 2100 2310 2520 2730 2940 3150 3360 3570 3780 3990 4200 
210 420 630 840 1050 1260 1470 1680 1890 2100 2310 2520 2730 2940 3150 3360 3570 3780 3990 4200 
210 420 630 840 1050 1260 1470 1680 1890 2100 2310 2520 2730 2940 3150 3360 3570 3780 3990 4200 
210 420 630 840 1050 1260 1470 1680 1890 2100 2310 2520 2730 2940 3150 3360 3570 3780 3990 4200 
210 420 630 840 1050 1260 1470 1680 1890 2100 2310 2520 2730 2940 3150 3360 3570 3780 3990 4200 
210 420 630 840 1050 1260 1470 1680 1890 2100 2310 2520 2730 2940 3150 3360 3570 3780 3990 4200 
210 420 630 840 1050 1260 1470 1680 1890 2100 2310 2520 2730 2940 3150 3360 3570 3780 3990 4200 
210 420 630 840 1050 1260 1470 1680 1890 2100 2310 2520 2730 2940 3150 3360 3570 3780 3990 4200 
210 420 630 840 1050 1260 1470 1680 1890 2100 2310 2520 2730 2940 3150 3360 3570 3780 3990 4200 
210 420 630 840 1050 1260 1470 1680 1890 2100 2310 2520 2730 2940 3150 3360 3570 3780 3990 4200 
210 420 630 840 1050 1260 1470 1680 1890 2100 2310 2520 2730 2940 3150 3360 3570 3780 3990 4200 
210 420 630 840 1050 1260 1470 1680 1890 2100 2310 2520 2730 2940 3150 3360 3570 3780 3990 4200 
210 420 630 840 1050 1260 1470 1680 1890 2100 2310 2520 2730 2940 3150 3360 3570 3780 3990 4200 
210 420 630 840 1050 1260 1470 1680 1890 2100 2310 2520 2730 2940 3150 3360 3570 3780 3990 4200 
210 420 630 840 1050 1260 1470 1680 1890 2100 2310 2520 2730 2940 3150 3360 3570 3780 3990 4200 
210 420 630 840 1050 1260 1470 1680 1890 2100 2310 2520 2730 2940 3150 3360 3570 3780 3990 4200 
210 420 630 840 1050 1260 1470 1680 1890 2100 2310 2520 2730 2940 3150 3360 3570 3780 3990 4200 
210 420 630 840 1050 1260 1470 1680 1890 2100 2310 2520 2730 2940 3150 3360 3570 3780 3990 4200 
210 420 630 840 1050 1260 1470 1680 1890 2100 2310 2520 2730 2940 3150 3360 3570 3780 3990 4200 
210 420 630 840 1050 1260 1470 1680 1890 2100 2310 2520 2730 2940 3150 3360 3570 3780 3990 4200 

